{
  "app.user_data.ObjectiveListData": {
    "_DataList": [
      {
        "_ObjectiveID": 0,
        "_ObjectivePrefab": {
          "v0": [
            0
          ],
          "v1": "GameDesign/Mission/Mission850010/Objective00/Ms850010_Ob00.pfb\u0000"
        },
        "_PreClearObjectiveIDList": [],
        "_SkipConditionObjectiveIDList": [],
        "_RewindStoryFlagList": [],
        "_PlStartPosData": {
          "EnableWarp": true,
          "PlStartPos": [
            -0.8125628,
            -1.2269358e-7,
            -0.58287364,
            0.0,
            -6.298433e-8,
            1.0,
            -1.2269358e-7,
            0.0,
            0.58287364,
            -6.298433e-8,
            -0.8125628,
            0.0,
            -751.29407,
            57.308838,
            756.0487,
            1.0
          ]
        },
        "_SetGameOverMsgID": "00000000-0000-0000-0000-000000000000",
        "_EventListData": [],
        "_ManualEventListData": [],
        "_EmThinkOffIDSets": [],
        "_IsSideMissionAccept": false
      },
      {
        "_ObjectiveID": 1,
        "_ObjectivePrefab": {
          "v0": [
            0
          ],
          "v1": "GameDesign/Mission/Mission850010/Objective01/Ms850010_Ob01.pfb\u0000"
        },
        "_PreClearObjectiveIDList": [
          0
        ],
        "_SkipConditionObjectiveIDList": [],
        "_RewindStoryFlagList": [],
        "_PlStartPosData": {
          "EnableWarp": true,
          "PlStartPos": [
            0.972274,
            3.2546833e-8,
            -0.23384443,
            0.0,
            -6.298434e-8,
            1.0,
            -1.2269356e-7,
            0.0,
            0.23384443,
            1.3402031e-7,
            0.972274,
            0.0,
            -761.76874,
            56.740387,
            757.44073,
            1.0
          ]
        },
        "_SetGameOverMsgID": "00000000-0000-0000-0000-000000000000",
        "_EventListData": [],
        "_ManualEventListData": [],
        "_EmThinkOffIDSets": [],
        "_IsSideMissionAccept": false
      },
      {
        "_ObjectiveID": 2,
        "_ObjectivePrefab": {
          "v0": [
            0
          ],
          "v1": "GameDesign/Mission/Mission850010/Objective02/Ms850010_Ob02.pfb\u0000"
        },
        "_PreClearObjectiveIDList": [
          1
        ],
        "_SkipConditionObjectiveIDList": [],
        "_RewindStoryFlagList": [],
        "_PlStartPosData": {
          "EnableWarp": true,
          "PlStartPos": [
            -0.8125628,
            -1.2269358e-7,
            -0.58287364,
            0.0,
            -6.298433e-8,
            1.0,
            -1.2269358e-7,
            0.0,
            0.58287364,
            -6.298433e-8,
            -0.8125628,
            0.0,
            -751.29407,
            57.308838,
            756.0487,
            1.0
          ]
        },
        "_SetGameOverMsgID": "00000000-0000-0000-0000-000000000000",
        "_EventListData": [],
        "_ManualEventListData": [],
        "_EmThinkOffIDSets": [],
        "_IsSideMissionAccept": false
      },
      {
        "_ObjectiveID": 3,
        "_ObjectivePrefab": {
          "v0": [
            0
          ],
          "v1": "GameDesign/Mission/Mission850010/Objective03/Ms850010_Ob03.pfb\u0000"
        },
        "_PreClearObjectiveIDList": [
          2
        ],
        "_SkipConditionObjectiveIDList": [],
        "_RewindStoryFlagList": [],
        "_PlStartPosData": {
          "EnableWarp": true,
          "PlStartPos": [
            -0.8125628,
            -1.2269358e-7,
            -0.58287364,
            0.0,
            -6.298433e-8,
            1.0,
            -1.2269358e-7,
            0.0,
            0.58287364,
            -6.298433e-8,
            -0.8125628,
            0.0,
            -751.29407,
            57.308838,
            756.0487,
            1.0
          ]
        },
        "_SetGameOverMsgID": "00000000-0000-0000-0000-000000000000",
        "_EventListData": [],
        "_ManualEventListData": [],
        "_EmThinkOffIDSets": [],
        "_IsSideMissionAccept": false
      }
    ]
  }
}