{
  "snow.data.OtomoReconSpotUserData": {
    "_SpotDataList": [
      {
        "_MapNo": 1,
        "_IsInitialRelease": true,
        "_SpotIndex": 1,
        "_HunterPoints": [
          [
            157.4903,
            259.3203,
            -256.7583
          ],
          [
            157.4903,
            259.2891,
            -257.7583
          ],
          [
            156.4903,
            259.3353,
            -257.7583
          ],
          [
            156.4903,
            259.3134,
            -256.7583
          ]
        ],
        "_OtomoPoint": [
          160.4903,
          259.1669,
          -256.7583
        ],
        "_FloorType": 0,
        "_OtomoDefaultRotateY": 2.11479,
        "_BGOtomoPoint": [
          0.4928107,
          -4.928993e-8,
          -0.8701365,
          0.0,
          -4.527827e-9,
          1.0,
          -5.921059e-8,
          0.0,
          0.8701365,
          3.311945e-8,
          0.4928107,
          0.0,
          -101.7662,
          330.9563,
          -220.7271,
          1.0
        ]
      },
      {
        "_MapNo": 1,
        "_IsInitialRelease": true,
        "_SpotIndex": 2,
        "_HunterPoints": [
          [
            160.716,
            194.6915,
            -600.4662
          ],
          [
            160.716,
            194.7019,
            -601.4662
          ],
          [
            159.716,
            194.7157,
            -601.4662
          ],
          [
            159.716,
            194.445,
            -600.4662
          ]
        ],
        "_OtomoPoint": [
          163.716,
          194.9592,
          -600.4662
        ],
        "_FloorType": 0,
        "_OtomoDefaultRotateY": 0.9828302,
        "_BGOtomoPoint": [
          0.8677725,
          0.0,
          0.4969616,
          0.0,
          0.0,
          1.0,
          0.0,
          0.0,
          -0.4969616,
          0.0,
          0.8677725,
          0.0,
          103.4054,
          366.6411,
          -813.1266,
          1.0
        ]
      },
      {
        "_MapNo": 2,
        "_IsInitialRelease": true,
        "_SpotIndex": 1,
        "_HunterPoints": [
          [
            14.6983,
            -89.31939,
            -586.6941
          ],
          [
            13.6983,
            -89.55863,
            -586.6941
          ],
          [
            13.6983,
            -89.41412,
            -586.6941
          ],
          [
            14.6983,
            -89.44955,
            -585.6941
          ]
        ],
        "_OtomoPoint": [
          14.69827,
          -89.0294,
          -589.6941
        ],
        "_FloorType": 0,
        "_OtomoDefaultRotateY": 1.192579,
        "_BGOtomoPoint": [
          0.7400332,
          0.0,
          0.6725703,
          0.0,
          0.0,
          1.0,
          0.0,
          0.0,
          -0.6725703,
          0.0,
          0.7400332,
          0.0,
          162.4992,
          64.04411,
          -923.327,
          1.0
        ]
      },
      {
        "_MapNo": 2,
        "_IsInitialRelease": true,
        "_SpotIndex": 2,
        "_HunterPoints": [
          [
            96.1879,
            -39.09532,
            -332.8069
          ],
          [
            97.1879,
            -39.15024,
            -333.8069
          ],
          [
            97.1879,
            -39.12908,
            -332.8069
          ],
          [
            96.1879,
            -39.09167,
            -333.8069
          ]
        ],
        "_OtomoPoint": [
          96.18791,
          -39.18446,
          -329.8069
        ],
        "_FloorType": 0,
        "_OtomoDefaultRotateY": 1.093997,
        "_BGOtomoPoint": [
          -0.8899599,
          -7.780276e-8,
          0.4560389,
          0.0,
          -1.27291e-7,
          1.0,
          -7.780276e-8,
          0.0,
          -0.4560389,
          -1.27291e-7,
          -0.8899599,
          0.0,
          486.9411,
          209.1023,
          -327.7076,
          1.0
        ]
      },
      {
        "_MapNo": 3,
        "_IsInitialRelease": true,
        "_SpotIndex": 1,
        "_HunterPoints": [
          [
            292.6057,
            83.14157,
            285.787
          ],
          [
            292.6057,
            83.53063,
            286.787
          ],
          [
            293.6057,
            83.43867,
            286.787
          ],
          [
            293.6057,
            83.47707,
            285.787
          ]
        ],
        "_OtomoPoint": [
          289.6057,
          83.5983,
          285.787
        ],
        "_FloorType": 0,
        "_OtomoDefaultRotateY": 2.414777,
        "_BGOtomoPoint": [
          -0.872406,
          -1.317296e-7,
          -0.4887819,
          0.0,
          -7.719179e-8,
          1.0,
          -1.317296e-7,
          0.0,
          0.4887819,
          -7.719179e-8,
          -0.872406,
          0.0,
          415.8624,
          362.9949,
          646.5015,
          1.0
        ]
      },
      {
        "_MapNo": 3,
        "_IsInitialRelease": true,
        "_SpotIndex": 2,
        "_HunterPoints": [
          [
            39.6315,
            122.8269,
            37.513
          ],
          [
            39.6315,
            122.8269,
            36.513
          ],
          [
            38.6315,
            122.8269,
            36.513
          ],
          [
            38.6315,
            122.8272,
            37.513
          ]
        ],
        "_OtomoPoint": [
          42.63148,
          122.8269,
          37.51302
        ],
        "_FloorType": 0,
        "_OtomoDefaultRotateY": 1.713634,
        "_BGOtomoPoint": [
          -0.1423526,
          0.0,
          -0.9898161,
          0.0,
          0.0,
          1.0,
          0.0,
          0.0,
          0.9898161,
          0.0,
          -0.1423526,
          0.0,
          -55.3212,
          252.9426,
          106.8333,
          1.0
        ]
      },
      {
        "_MapNo": 4,
        "_IsInitialRelease": true,
        "_SpotIndex": 1,
        "_HunterPoints": [
          [
            94.233,
            15.52204,
            -346.3777
          ],
          [
            95.233,
            15.49273,
            -345.3777
          ],
          [
            94.233,
            15.57382,
            -345.3777
          ],
          [
            95.233,
            15.51465,
            -346.3777
          ]
        ],
        "_OtomoPoint": [
          91.23303,
          15.76634,
          -346.3777
        ],
        "_FloorType": 0,
        "_OtomoDefaultRotateY": 0.1338265,
        "_BGOtomoPoint": [
          -0.9184296,
          -8.029166e-8,
          0.3955846,
          0.0,
          -1.220059e-7,
          1.0,
          -8.029166e-8,
          0.0,
          -0.3955846,
          -1.220059e-7,
          -0.9184296,
          0.0,
          361.9718,
          211.1297,
          -166.9648,
          1.0
        ]
      },
      {
        "_MapNo": 4,
        "_IsInitialRelease": false,
        "_SpotIndex": 2,
        "_HunterPoints": [
          [
            -142.8335,
            84.26045,
            -609.3233
          ],
          [
            -141.8335,
            83.99723,
            -610.3233
          ],
          [
            -141.8335,
            83.95193,
            -609.3233
          ],
          [
            -142.8335,
            84.36429,
            -610.3233
          ]
        ],
        "_OtomoPoint": [
          -142.8335,
          84.32618,
          -606.3233
        ],
        "_FloorType": 0,
        "_OtomoDefaultRotateY": 1.834243,
        "_BGOtomoPoint": [
          0.5530688,
          -2.235174e-8,
          -0.8331356,
          0.0,
          -0.07999258,
          0.99538,
          -0.0531023,
          0.0,
          0.8292865,
          0.09601389,
          0.5505136,
          0.0,
          -481.1966,
          148.824,
          -603.958,
          1.0
        ]
      },
      {
        "_MapNo": 5,
        "_IsInitialRelease": true,
        "_SpotIndex": 1,
        "_HunterPoints": [
          [
            149.4,
            3.144351,
            -533.9479
          ],
          [
            149.4,
            3.480225,
            -534.9479
          ],
          [
            148.4,
            3.258399,
            -534.9479
          ],
          [
            148.4,
            3.488408,
            -533.9479
          ]
        ],
        "_OtomoPoint": [
          152.4,
          3.541363,
          -533.9479
        ],
        "_FloorType": 1,
        "_OtomoDefaultRotateY": 0.7985518,
        "_BGOtomoPoint": [
          0.9674519,
          0.0,
          0.2530549,
          0.0,
          0.0,
          1.0,
          0.0,
          0.0,
          -0.2530549,
          0.0,
          0.9674519,
          0.0,
          -213.2781,
          278.9389,
          -847.6171,
          1.0
        ]
      },
      {
        "_MapNo": 5,
        "_IsInitialRelease": false,
        "_SpotIndex": 2,
        "_HunterPoints": [
          [
            304.6775,
            8.2357,
            -353.6244
          ],
          [
            305.6775,
            8.2357,
            -352.6244
          ],
          [
            304.6775,
            8.2357,
            -352.6244
          ],
          [
            305.6775,
            8.272827,
            -353.6244
          ]
        ],
        "_OtomoPoint": [
          301.6775,
          8.23565,
          -353.6244
        ],
        "_FloorType": 1,
        "_OtomoDefaultRotateY": 2.637359,
        "_BGOtomoPoint": [
          -0.1255974,
          -1.08799e-7,
          0.9920813,
          0.0,
          -2.433902e-7,
          1.0,
          7.885421e-8,
          0.0,
          -0.9920813,
          -2.31559e-7,
          -0.1255974,
          0.0,
          525.9492,
          146.9666,
          -540.3729,
          1.0
        ]
      },
      {
        "_MapNo": 12,
        "_IsInitialRelease": false,
        "_SpotIndex": 1,
        "_HunterPoints": [
          [
            -33.1231,
            62.64608,
            -74.2431
          ],
          [
            -33.1231,
            62.7119,
            -73.2431
          ],
          [
            -32.1231,
            62.7109,
            -73.2431
          ],
          [
            -32.1231,
            62.64776,
            -74.2431
          ]
        ],
        "_OtomoPoint": [
          -36.10856,
          62.57524,
          -74.2431
        ],
        "_FloorType": 0,
        "_OtomoDefaultRotateY": 1.838553,
        "_BGOtomoPoint": [
          -0.3201268,
          -4.83378e-8,
          -0.9473747,
          0.0,
          -7.946198e-9,
          1.0,
          -4.83378e-8,
          0.0,
          0.9473747,
          -7.946198e-9,
          -0.3201268,
          0.0,
          -192.5871,
          77.02859,
          119.5386,
          1.0
        ]
      },
      {
        "_MapNo": 12,
        "_IsInitialRelease": false,
        "_SpotIndex": 2,
        "_HunterPoints": [
          [
            104.4047,
            25.87666,
            -181.2206
          ],
          [
            104.4047,
            25.93052,
            -182.2206
          ],
          [
            103.4047,
            25.76924,
            -182.2206
          ],
          [
            103.4047,
            25.82532,
            -181.2206
          ]
        ],
        "_OtomoPoint": [
          107.4047,
          25.6506,
          -181.2206
        ],
        "_FloorType": 0,
        "_OtomoDefaultRotateY": 0.528898,
        "_BGOtomoPoint": [
          0.6901714,
          2.298287e-7,
          0.7236459,
          0.0,
          -2.98325e-7,
          1.0,
          -3.307319e-8,
          0.0,
          -0.7236459,
          -1.930555e-7,
          0.6901714,
          0.0,
          240.8393,
          76.43502,
          -332.7665,
          1.0
        ]
      },
      {
        "_MapNo": 13,
        "_IsInitialRelease": false,
        "_SpotIndex": 1,
        "_HunterPoints": [
          [
            -129.2,
            65.72038,
            -99.0211
          ],
          [
            -130.2,
            65.78908,
            -99.0211
          ],
          [
            -130.2,
            65.65167,
            -98.0211
          ],
          [
            -129.2,
            65.50426,
            -98.0211
          ]
        ],
        "_OtomoPoint": [
          -129.2,
          66.31972,
          -102.0211
        ],
        "_FloorType": 0,
        "_OtomoDefaultRotateY": 1.711271,
        "_BGOtomoPoint": [
          0.9855236,
          -1.120914e-8,
          -0.1695386,
          0.0,
          1.02005e-8,
          1.0,
          -6.820316e-9,
          0.0,
          0.1695386,
          4.992203e-9,
          0.9855236,
          0.0,
          -326.8021,
          196.0005,
          -163.5288,
          1.0
        ]
      },
      {
        "_MapNo": 13,
        "_IsInitialRelease": false,
        "_SpotIndex": 2,
        "_HunterPoints": [
          [
            -142.922,
            114.2532,
            -245.95
          ],
          [
            -142.922,
            114.4654,
            -244.95
          ],
          [
            -141.922,
            113.9818,
            -244.95
          ],
          [
            -141.922,
            114.2868,
            -245.95
          ]
        ],
        "_OtomoPoint": [
          -145.922,
          115.1995,
          -245.95
        ],
        "_FloorType": 0,
        "_OtomoDefaultRotateY": 1.676508,
        "_BGOtomoPoint": [
          0.9371783,
          -2.035372e-8,
          -0.3488508,
          0.0,
          2.810982e-8,
          1.0,
          1.717122e-8,
          0.0,
          0.3488508,
          -2.589863e-8,
          0.9371783,
          0.0,
          -406.681,
          137.7918,
          -312.5723,
          1.0
        ]
      }
    ]
  }
}